MODE 1

C EFAC 1.4
EFAC 1.185

C PHASE0
C PHASE1

JUMP
7               1390.000 51413.6357638815603   18.173                 0.00000
7               1390.000 51413.6499999905185   23.038                 0.00000
C JUMP

C JUMP
7               1390.000 51413.6895833852018   14.824                 0.00000
7               1390.000 51413.7381944448891   14.797                 0.00000
7               1390.000 51413.7868055551721   18.587                 0.00000
7               1390.000 51413.8354166713418   22.973                 0.00000
JUMP

C PHASEH

JUMP
7               1390.000 51490.5017355131067   24.352                 0.00000
JUMP

C PHASEA

JUMP
7               1390.000 51492.5850727545785   31.229                 0.00000
PHASE -1
7               1390.000 51492.6440955080127   32.860                 0.00000
JUMP
PHASE +1

C PHASEI

JUMP
7               1390.000 51582.2548632839670   13.657                 0.00000
7               1390.000 51582.3201388983131   25.329                 0.00000
7               1390.000 51582.3850678691313   16.834                 0.00000
JUMP

C PHASEC

JUMP
7               1390.000 51589.2534739821375   29.849                 0.00000
7               1390.000 51589.3336799053180   28.445                 0.00000
JUMP

C PHASEJ

JUMP
7               1390.000 51690.8951403750877   23.952                 0.00000
7               1390.000 51690.9822916662185   16.985                 0.00000
JUMP

JUMP
7               1390.000 51809.5666669802162   29.030                 0.00000
JUMP

JUMP
7               1390.000 52193.6069444269825   25.945                 0.00000
7               1390.000 52193.7149305383914   33.577                 0.00000
JUMP

JUMP
7               1390.000 52262.4885420469014   26.673                 0.00000
JUMP

JUMP
7               1390.000 52307.3350695553024   20.823                 0.00000
JUMP

JUMP
7               1390.000 52526.6659725710185   22.420                 0.00000
JUMP

C PHASEB

JUMP
7               1390.000 52531.6708365991755   24.719                 0.00000
PHASE -1
7               1390.000 52531.7347222220090   20.900                 0.00000
7               1390.000 52531.7968733372661   17.472                 0.00000
JUMP
PHASE +1


JUMP
7               1390.000 52693.2249999892338   21.705                 0.00000
JUMP

JUMP
7               1390.000 52925.6222222324715   25.333                 0.00000
7               1390.000 52925.7350685364797   25.929                 0.00000
JUMP

C PHASED

JUMP
7               1390.000 52930.5590305366100   20.895                 0.00000
7               1390.000 52930.6378472314943   22.929                 0.00000
JUMP

JUMP
7               1390.000 53152.9361111316894   26.375                 0.00000
JUMP

C PHASEE

JUMP
7               1390.000 53164.9656310420971   29.741                 0.00000
7               1390.000 53164.9802083164448   23.903                 0.00000
JUMP

JUMP
7               1390.000 53164.9920138612335   19.826                 0.00000
7               1390.000 53165.0081755011898   28.256                 0.00000
7               1390.000 53165.0166666362848   23.654                 0.00000
JUMP

C PHASEF

JUMP
7               1390.000 53280.6218743853200   20.751                 0.00000
JUMP

C PHASEG

JUMP
7               1390.000 53348.4649320365375   23.641                 0.00000
7               1390.000 53348.5065972170460   25.801                 0.00000
JUMP

JUMP
7               1390.000 54314.7031249750801   15.335                 0.00000
7               1390.000 54314.7515008653730   25.434                 0.00000
C JUMP
 
C JUMP
7               1390.000 54314.7954878129250   16.660                 0.00000
7               1390.000 54314.8211805391308   17.735                 0.00000
7               1390.000 54314.8468749751720   15.921                 0.00000
7               1390.000 54314.8725694346731   21.125                 0.00000
7               1390.000 54314.8982638745009   19.083                 0.00000
7               1390.000 54314.9222205617143   19.950                 0.00000
JUMP


JUMP
7               1390.000 54646.8774311109479   18.558                 0.00000
JUMP

7               1390.000 54816.4975696298174   31.740                 0.00000
